0.000000000000000000e+00 0.000000000000000000e+00 0.000000000000000000e+00
0.000000000000000000e+00 0.000000000000000000e+00 0.000000000000000000e+00
0.000000000000000000e+00 0.000000000000000000e+00 0.000000000000000000e+00
0.000000000000000000e+00 0.000000000000000000e+00 0.000000000000000000e+00
1.139955163892950818e+00 6.396838041360268790e-01 2.905791462540117109e-01
0.000000000000000000e+00 0.000000000000000000e+00 0.000000000000000000e+00
0.000000000000000000e+00 0.000000000000000000e+00 0.000000000000000000e+00
2.583518493636335900e-01 1.411682518641130535e-01 6.357426227675505581e-02
0.000000000000000000e+00 0.000000000000000000e+00 0.000000000000000000e+00
7.442884802183740156e-01 3.782901979638464418e-01 1.204946718448016152e-01
0.000000000000000000e+00 0.000000000000000000e+00 0.000000000000000000e+00
0.000000000000000000e+00 0.000000000000000000e+00 0.000000000000000000e+00
9.774947759431832361e-01 4.848682038619938073e-01 1.726467287654464555e-01
0.000000000000000000e+00 0.000000000000000000e+00 0.000000000000000000e+00
0.000000000000000000e+00 0.000000000000000000e+00 0.000000000000000000e+00
4.165531505714724081e-01 2.186120219424543820e-01 5.901853816402165276e-02
1.901925001984496599e-01 1.109080109434994188e-01 4.894207302200918180e-02
2.693746404292786334e+00 1.285462899826669725e+00 4.446544717093106058e-01
0.000000000000000000e+00 0.000000000000000000e+00 0.000000000000000000e+00
0.000000000000000000e+00 0.000000000000000000e+00 0.000000000000000000e+00
8.467381202413735153e-01 4.253589314023152879e-01 1.533655719659855476e-01
0.000000000000000000e+00 0.000000000000000000e+00 0.000000000000000000e+00
6.366062709542295472e+00 3.145742173612698256e+00 9.656746634772208626e-01
0.000000000000000000e+00 0.000000000000000000e+00 0.000000000000000000e+00
2.611368995975423601e+00 1.496986129355939887e+00 6.971879860172484067e-01
5.448014748996878431e+00 2.595780968756526086e+00 9.330634341718080371e-01
0.000000000000000000e+00 0.000000000000000000e+00 0.000000000000000000e+00
0.000000000000000000e+00 0.000000000000000000e+00 0.000000000000000000e+00
6.458889335924864916e+00 3.243410196592119377e+00 9.282940012028114696e-01
1.322590046155796284e-01 7.879165783264009681e-02 3.488438795450719138e-02
2.309382834872599766e+00 9.560058851553924208e-01 2.116508973895388224e-01
0.000000000000000000e+00 0.000000000000000000e+00 0.000000000000000000e+00
1.489732072242270222e+00 9.022540175316979827e-01 3.767786738029999527e-01
4.878068491183085165e+00 2.349203542399497469e+00 7.758296533424403618e-01
0.000000000000000000e+00 0.000000000000000000e+00 0.000000000000000000e+00
4.249015706831981709e-01 2.263956126818982284e-01 6.722076020299488919e-02
2.349140608092606108e-01 1.205401013254082526e-01 3.297424819077524744e-02
7.985100667292345022e+00 4.658207626627713260e+00 2.328374376944014834e+00
7.809013042570349672e-01 3.814797092834701919e-01 1.422496534820021641e-01
0.000000000000000000e+00 0.000000000000000000e+00 0.000000000000000000e+00
0.000000000000000000e+00 0.000000000000000000e+00 0.000000000000000000e+00
6.069275079481482926e+00 2.539333736018470233e+00 5.272544436837326431e-01
0.000000000000000000e+00 0.000000000000000000e+00 0.000000000000000000e+00
1.136365306060129754e+01 5.318419092747384447e+00 1.485631063321521506e+00
0.000000000000000000e+00 0.000000000000000000e+00 0.000000000000000000e+00
7.132373178186742102e+00 4.186218998165295524e+00 1.943486343143842499e+00
3.610575026808350962e+00 1.556467457015971112e+00 4.218617756452675005e-01
0.000000000000000000e+00 0.000000000000000000e+00 0.000000000000000000e+00
0.000000000000000000e+00 0.000000000000000000e+00 0.000000000000000000e+00
7.355582559256626851e+00 3.750050810707475701e+00 1.127154538169263809e+00
8.379256553243676908e-01 4.935632240837973805e-01 2.128675091388293195e-01
5.938773855721056094e+00 2.822406217898894010e+00 9.618397204644680842e-01
0.000000000000000000e+00 0.000000000000000000e+00 0.000000000000000000e+00
2.600713713481318745e+00 1.582243506356055374e+00 6.428219917926815130e-01
5.257590118028340420e+00 2.421489781399151386e+00 7.722887604875970924e-01
0.000000000000000000e+00 0.000000000000000000e+00 0.000000000000000000e+00
4.302969207087961934e+00 2.207106862111259282e+00 6.849418204470265614e-01
0.000000000000000000e+00 0.000000000000000000e+00 0.000000000000000000e+00
1.237559140788356871e+01 7.108851664897478884e+00 3.331398659294503961e+00
4.869819380753856564e+00 1.632056968741436354e+00 2.184517135377875008e-01
0.000000000000000000e+00 0.000000000000000000e+00 0.000000000000000000e+00
0.000000000000000000e+00 0.000000000000000000e+00 0.000000000000000000e+00
1.539932640898053684e+01 7.065123367499224649e+00 1.971981267359421697e+00
0.000000000000000000e+00 0.000000000000000000e+00 0.000000000000000000e+00
9.238557794825963398e+00 3.757459851135774187e+00 6.792337620724508973e-01
6.681819040653145247e-01 2.513544526878572771e-01 1.912676748376681071e-02
6.063200794581462993e+00 3.529272928010116495e+00 1.519198189677228861e+00
1.417352797503570372e+01 6.113969465868535735e+00 1.899466904438528836e+00
0.000000000000000000e+00 0.000000000000000000e+00 0.000000000000000000e+00
5.612029000570897125e-02 2.985964355395352016e-02 8.507137942457207447e-03
3.376863422606058318e+00 1.717683084022716633e+00 4.872289197701141772e-01
4.085316923603368622e+00 2.386691521621732370e+00 1.112419202024733433e+00
1.132743838932394809e+01 4.416196042073663897e+00 1.080494082718998383e+00
0.000000000000000000e+00 0.000000000000000000e+00 0.000000000000000000e+00
5.033470330569901341e-01 3.065004199923614947e-01 1.233720610077434221e-01
5.869744567079425934e+00 2.139765084555870001e+00 2.706015809391619231e-01
0.000000000000000000e+00 0.000000000000000000e+00 0.000000000000000000e+00
1.050816345138110464e+01 5.172846725531058176e+00 1.614347415505911432e+00
0.000000000000000000e+00 0.000000000000000000e+00 0.000000000000000000e+00
1.214088745830069804e+01 7.136486404135552242e+00 3.475191370720589923e+00
1.129348436846927228e+01 3.929636089209718630e+00 6.272823595602242674e-01
0.000000000000000000e+00 0.000000000000000000e+00 0.000000000000000000e+00
0.000000000000000000e+00 0.000000000000000000e+00 0.000000000000000000e+00
1.361096740300552277e+01 6.730580215463183968e+00 2.128343688708722592e+00
2.612514722406207579e-02 1.589910128947653184e-02 7.207689559867905271e-03
7.153062781125390401e+00 2.858984236701860748e+00 5.952417480374542214e-01
0.000000000000000000e+00 0.000000000000000000e+00 0.000000000000000000e+00
1.947969313961483762e+00 1.160919773546104317e+00 4.927190097617241693e-01
1.125789094924055966e+01 5.005469454044265909e+00 1.712050620127798961e+00
0.000000000000000000e+00 0.000000000000000000e+00 0.000000000000000000e+00
1.921691481472351581e+00 9.932208055087418108e-01 3.011139019745724399e-01
1.030767562936415027e+00 5.272362558416674450e-01 1.534426798420977789e-01
4.332122319920868492e+00 2.460226180073453062e+00 1.266653608845369483e+00
1.159118167809159594e+01 3.799359284803780934e+00 4.523565215197340450e-01
0.000000000000000000e+00 0.000000000000000000e+00 0.000000000000000000e+00
0.000000000000000000e+00 0.000000000000000000e+00 0.000000000000000000e+00
9.520436126628760931e+00 3.461920463804282200e+00 4.976542535338793760e-01
0.000000000000000000e+00 0.000000000000000000e+00 0.000000000000000000e+00
1.134507357572950959e+01 4.979096503345596503e+00 1.251109670500764048e+00
0.000000000000000000e+00 0.000000000000000000e+00 0.000000000000000000e+00
1.460005792540371772e+00 8.373399220907045137e-01 3.809516278850088589e-01
1.059174054737310300e+01 4.395148531900875177e+00 1.372147975586137436e+00
0.000000000000000000e+00 0.000000000000000000e+00 0.000000000000000000e+00
0.000000000000000000e+00 0.000000000000000000e+00 0.000000000000000000e+00
1.160719982556267205e+01 5.409471690795521148e+00 1.631408857775340060e+00
4.390900079326035543e-01 2.408322833730477674e-01 1.141993914034165336e-01
6.496777641792649050e+00 2.798307138357790880e+00 8.955636481192128517e-01
0.000000000000000000e+00 0.000000000000000000e+00 0.000000000000000000e+00
0.000000000000000000e+00 0.000000000000000000e+00 0.000000000000000000e+00
1.822864724613702192e+00 7.925951331728791072e-01 2.433809506643001552e-01
0.000000000000000000e+00 0.000000000000000000e+00 0.000000000000000000e+00
6.056465951186154939e+00 2.972471791421064324e+00 9.597096991228125651e-01
2.403617756880460921e-01 1.201204603015578742e-01 3.896282674620004521e-02
0.000000000000000000e+00 0.000000000000000000e+00 0.000000000000000000e+00
2.159590199589962456e+00 9.364815426569815804e-01 3.447743298629377118e-01
0.000000000000000000e+00 0.000000000000000000e+00 0.000000000000000000e+00
0.000000000000000000e+00 0.000000000000000000e+00 0.000000000000000000e+00
6.940757572346031523e+00 3.291474462262037548e+00 1.202042686956423800e+00
0.000000000000000000e+00 0.000000000000000000e+00 0.000000000000000000e+00
3.129586559946975655e+00 1.400224888989190841e+00 4.012911872021704962e-01
0.000000000000000000e+00 0.000000000000000000e+00 0.000000000000000000e+00
0.000000000000000000e+00 0.000000000000000000e+00 0.000000000000000000e+00
2.905295057239293044e+00 1.427226806715837792e+00 5.612877384739082265e-01
0.000000000000000000e+00 0.000000000000000000e+00 0.000000000000000000e+00
9.119419766272303107e-01 4.746979544148340890e-01 1.783538242952081021e-01
0.000000000000000000e+00 0.000000000000000000e+00 0.000000000000000000e+00
0.000000000000000000e+00 0.000000000000000000e+00 0.000000000000000000e+00
0.000000000000000000e+00 0.000000000000000000e+00 0.000000000000000000e+00
